0000000000000000000000000000000000000000000000000000000000000000000000000000000000000000000000000002342100000000000000000000000000000000000000000
0000000000000000000000000000000000000000000000000000000000000000000000000000000000000000000000000003341100000000000000000000000000000000000000000
0000000000000000000000000000000000000000000000000000000000000000000000000000000000000000000000000002233100000000000000000000000000000000000000000
0000000000000000000000000000000000000000000000000000000000000000000000000000000000000000000000000001113111110000000000000001100000000000000000000
0000000000000000000000000000000000000000000000000000000000000000000000000000000000000000000000000015821357840000000000000012101100000000000000000
0000000000000000000000000000000000000000000000000000000000000000000000000000000000000000000000000001522484310000000000000001111100200000000000000
0000000000000000000000000000000000000000000000000000000000000000000000000000000000000000000000000000003241100000000143000002122222510000000000000
0001000000000000000000000000000000000000000000000000000000000000000000000000000000000000000000000121333110110000113333210012324673520000000000000
0003301000000000000000000000000000000000000000000000000000000000000000000000000000000000000120121243311010122212246454411111416984610012310000000
0243313000000000000000000000000000000000000000000000000000000000000000000000000000031025311232354353213025322102234012542110136752631034210000000
0233447100000001000000000000000000000000000000000000000000000000000000000000000000399546231133235320102001000112442001223000036551244778310000000
0112566210000115321000000000000000000000000000000000000000000000000000000000000001699999651035432111100000001221221112443000001101110663000000000
0121037410002523310000000000000000000000000000000000000000000000000000111000011120499999563101144553311210000033102111331000022121101440000000000
0113667510003642100000000000000000000000000000000000000000000000000000222111246750499999982223131242334510000013223000112000023120122110000000000
0001312631012320000000000000000000000000000000000000000000000000000000001012384874599999796301011330221210000001100000002220114420000210000000000
0000013432122121000000000000000000000000000000000000000000000000000000001004676953699688665510000120110241000000000000001230215932102310000000000
0001353321011010000000000000000000000000000000000110000000000000000000002001119989599698775521000121022341100000000000001010128921202101100000000
0001454202111243000000000000000000000000001000010320000000000000000000002000004989767299874200000111123111220000000000012210002395311113430000000
0100232135721234000000000000000000000000103100240520000000000000000000001130012659979656665200000110465111231000000000022201211394100013330000000
1410133134511232000000000000000000000012212111124610000000000000000000001131268988968339965100011242878410000000000000012452110154311001230000000
1311231101242220000000000000000000000111000000135640000000000000000000000022479944564549899300122499742000000000000000037496220287344001351124100
0762120000134210000000000000000000002100000001243430000000000000000000014533665534422798782201112595211000000000000000019643111245143000342223000
0998500020016431000210000000000000012000011234235532100000000000000000002323586642434999644431022479931110000000000000003112133245364012532642000
0114600032214544333431000000000022110000013333225522000000000000000000001232544731333269532000042222332111012000000000000013344026468442335920000
0001411232229964642210000000000012355100002023875212000000000000000000000122533401001249300000010001001125214100000000000133577346246342135951100
0000000000339961323311000000000001279100003027945523210000000000014203110111667521001307300000000000002225545100000000002222499986213111210540100
0000000000565992211311210000000012468820025025332411220000000001226224211223659572000204653201000000000013752000000000001354399754664322200342100
0000000000432495521000100100000013872610001027420000010000000001347113311236559792212301663225320000000002831000000000000473499999941100002751122
0000000001412111112100111212100044323761000013110001210000000001168103461121069883310100221112210000000002610000000000000446899699621113311311134
0000000001100000000000012012000021111251000011220003400012630001376136454111173220111100332422212200000034000000000000011553684799222222211321232
0000000000000000000000012742000000112552000000000001210001520000112443224410041332200000457946320100000023011100000000022243451535202750000231000
0000000000000000000001352832000000004863000000000001100001313100123865893200000100000000327956320210000002211200000000012023582324212420001110000
0000000000000000000000030311000000019841000000000013422114702000244645754520000000000000102133331210000000001100000000002012373212252000001111210
0000000000000000000021164310000012238551000000000002466337953110232138511310000000000000001000420110110000111000000000002114343200020000000110320
0000000000000000000342597220000012211231000000000002356212230010430004201100000000000000000000123112420000100000000001011002321100000000000145310
0000000000000000000210448441100542201310000000000002233000022321661322201100000000000000000000012235510010100000000002122121111100000000001124400
0000000000000000000000289240113510100100000000000002320000011464540303423323100000000000000000011540111121100000000013211012232221000000001000310
0000000000000000000000045330148300000000000000000000000000012352111523565323100000000000000000000000000000000000000011000013388212100000352000000
0000000000000000000000264330013100000000000000000000000000000010000102312332100000000000000000000000000000000000000000000013245213300001564100000
0000000000000000000000263110000000000000000000000000000000000000000000225412211110000000000000000000000000000000000000000027640143300007974000000
0000000000000000000000221210000000000000000000000000000000000000000000001113310120000000000000000000000000000000000000000034121342236215771000000
0000000000000000000000111310000000000000000000000000000000000000000000000011221120000000000000000000000000000000000002233885232221016311460000000
0000000000000000000000110100000000000000000000000000000000000000000000020242353342000000000000000000000000000000000138744865257742203331010000000
0000000000000000000000000000000000000000000000000000000000000000011000374279630221000000000000000000000000000000000014595645226922202333100000000
0000000000000000000000000000000000000000000000000000000000000000021144343124463100000000000000000000000000000000000002383633126810000002100000000
0000000000000000000000000000000000000000000000000000000000000011121244356636310000000000000000000000000000000000000000023524344410000001100000000
0000000000000000000000000000000000000000000000000000000000000022221221342214000000000000000000000000000000000000000000002547930320000000000000000
0000000000000000000000000000000000000000000000000000000000000001100143212543000000000000000000000000000000000000000000000014820000000000000000000
0000000000000000000000000000000000000000000000000000000000000011000143100000000000000000000000000000000000000000000000000001100000000000000000000
0000000000000000000000000000000000000000000000000000000000000011111112200000000000000000000000000000000000000000000000000011000000000000000000000
0000000000000000000000000000000000000000000000000000000000000000132343410000000000000000000000000000000000000000000000000012000000000000000000000
0000000000000000000000000000000000000000000000000000000000000000011243310000000000000000000000000000000000000000000000000002000000000000000000000
0000000000000000000000000000000000000000000000000000000000000000001120000000000000000000000000000000000000000000000000000121000000000000000000000
0000000000000000000000000000000000000000000000000000000000000000000010000000000000000000000000000000000000000000000000000110000000000000000000000
0000000000000000000000000000000000000000000000000000000000000000000000000000000000000000000000000000000000000000000000001100000000000000000000000
0000000000000000000000000000000000000000000000000000000000000000000000000000000000000000000000000000000000000000000000001000000000000000000000000
0000000000000000000000000000000000000000000000000000000000000000000000000000000000000000000000000000000000000000000001001000000000000000000000000
0000000000000000000000000000000000000000000000000000000000000000000000000000000000000000000000000000000000000000003312023000000000000000000000000
0000000000000000000000000000000000000000000000000000000000000000000000000000000000000000000000000000000000000011335524223100000000000000000000000
0000000000000000000000000000000000000000000000000000000000000000000000000000000000000000000000000000000000000011200223101100000000000000000000000
0000000000000000000000000000000000000000000000000000000000000000000000000000000000000000000000000000000000000001210111100000000000000000000000000
0000000000000000000000000000000000000000000000000000000000000000000000000000000000000000000000000000000000000000011100000000000000000000000000000
0000000000000000000000000000000000000000000000000000000000000000000000000000000000000000000000000000000000000000000220000000000000000000000000000
0000000000000000000000000000000000000000000000000000000000000000000000000000000000000000000000000000000000000000002220000000000000000000000000000
0000000000000000000000000000000000000000000000000000000000000000000000000000000000000000000000000000000000000000003432000000000000000000000000000
0000000000000000000000000000000000000000000000000000000000000000000000000000000000000000000000000000000000000011012102231231011100000000000000000
0000000000000000000000000000000000000000000000000000000000000000000000000000000000000000000000000000000000000011233101110134120100000000000000000
0000000000000000000000000000000000000000000000000000000000000000000000000000000000000000000000000000000000000011401012221016132520000000000000000
0000000000000000000000000000000000000000000000000000000000000000000000000000000000000000000000000000000000000113786101321259322410000000000000000
0000000000000000000000000000000000000000000000000000000000000000000000000000000000000000000000000000000000001223353000000377522100000000000000000
0000000000000000000000000000000000000000000000000000000000000000000000000000000000000000000000000000000000003200242000000146642000000000000000000
0000000000000000000000000000000000000000000000000000000000000000000000000000000000000000000000000000000000003200063201020233210000000000000000000
0000000000000000000000000000000000000000000000000000000000000000000000000000000000000000000000000000000000002223495314471100000000000000000000000
0000000000000000000000000000000000000000000000000000000000000000000000000000000000000000000000000000000000001255486777131100000000000000000000000
0000000000000000000000000000000000000000000000000000000000000000000000000000000000000000000000000000000000002298446623010000000000000000000000000
0000000000000000000000000000000000000000000000000000000000000000000000000000000000000000000000000000000000002165345442110000000000000000000000000
0000000000000000000000000000000000000000000000000000000000000000000000000000000000000000000000000000000000000342001220000000000000000000000000000
0000000000000000000000000000000000000000000000000000000000000000000000000000000000000000000000000000000000000111000000000000000000000000000000000
0000000000000000000000000000000000000000000000000000000000000000000000000000000000000000000000000000000000000141000000000000000000000000000000000
0000000000000000000000000000000000000000000000000000000000000000000000000000000000000000000000000000000000000463200000000000000000000000000000000
0000000000000000000000000000000000000000000000000000000000000000000000000000000000000000000000000000000000000323200000000000000000000000000000000
0000000000000000000000000000000000000000000000000000000000000000000000000000000000000000000000000000000000000331000000000000000000000000000000000

