00000000000000000000000000000000000000000000000000000000000000000000001121000000000000000000000000000000000000000000
00000000000000000000000000000000000000000000000000000000000000000001213010000000000000000000000000000000000000000000
00000000000000000000000000000000000000000000000000000000000000000000334220000000000000000000000000000000000000000000
00000000000000000000000000000000000000000000000000000000000000000000100010310000000000000000000000000000000000000000
00000000000000000000000000000000000000000000000000000000000000000000100121410000000000000000000000000000000000000000
00000000000000000000000000000000000000000000000000000000000000000000100112411001100000000000000000000000000000000000
00000000000000000000000000000000000000000000000000000000000000000000110114314012341210000000000000000000000000000000
00000000000000000000000000000000000000000000000000000000000000010000121202004112551331001100000000000000000000000000
00000000000000000000000000000000000000000000000000000000000013342110122323102132330253433200000000000000000000000000
00000000000000000000000000000000000000000000000000000000112345103342001223148212242343300000000000000000000000000000
00000000000000000000000000000000000000000000000000000000113249924220121255399223243121000000000000000000000000000000
00000000000000000000000000000000000000000000000000000001112449956662056364599311010010000000000000000000000000000000
00000000000000000000000000000000000000000000000000000432111539943657355358854211000000000000000000000000000000000000
00000000000000000000000000000000000000000000000000001742011379932998795353210110000000000000000000000000000000000000
00000000000000000000000000000000000000000000000000000201111769997995436973422200000000000000000000000000000000000000
00000000000000000000000000000000000000000000000000000000011317536554200111213520000000000000000000000000000000000000
00000000000000000000000000000000000000000000000000000000021012533564000000320100000000000000000000000000000000000000
00000000000000000000000000000000000000000000000000000000133115733229510000111101111000000000000000000000000000000000
00000000000000000000000000000000000000000000000000000000009834754439633000001113363000000000000000000000000000000000
00000000000000000000000000000000000000000000000000000001028979862237344001113422351000000000000000000000000000000000
00000000000000000000000000000000000000002120210000000112059988366466275011012432110000000000000000000000000000000000
00000000000000000000000000000000000000023143300000001112236922553132377232251554100000000000000000000000000000000000
00000000000000000000000000000001000000222200200000001123422311442033357423254334100000000000000000000000000000000000
00000000000000000000000000000002000002411123312000023101100000002000112100001022110000000000000000000000000000000000
00000000000000000000000000000246100001345123146100023221000000001000001000000022234300000000000000000000000000000000
00000000000000000000000000000356200001125123344410000110000000000000000000000001423521001000000000000000000000000000
00000000000000000000000000000037200002647225411533420100000000000000000000000000200102023000000000000000000000000000
00000000000000000000000000000004431001403201110425972210000000000000000000000000000013056110000000000000110000000000
00000000000000000000000000000000121000111101122200342111100000000000000000000000000013256132200000000001134000000000
00000000000000000000000000000002254100133122000100323222200000000000000000000000000001134236310000000001048200000000
00000000100000000000000000000001011411234652000102533221100000000000000000000000000000010014003101210333144000000000
00000001200000000000000001000111133611311651000365342010121000000000000000000000000000000024205303511212121000000000
00000001321000000000000002100100184201731330000356786121110000000000000000000000000000000013212301310001220010000000
00001000442100000000000002400100074200332021114538999343420000000000000000002320000000000000024535641022011232100000
00003234841100000000000000411101468901366342349327667594111000000000000000006430000000000000002537941121111586301100
13212132762001110000000013311103747835273243856199976362011000000000000000026121000000000000002324342367521377622200
26833331113111362221110039844315537757251453711299997421010000000000000000144200000000000000000000154544411013413510
24845111136300476221310148501222484566453410301358998733420000000000000000132211200000000000000001598521652102302530
22549924432120334342410223444755972568443100322558995956510000000000000000010000200000000000000323797453563000343585
13714534210021243245211322423555942657552001200126762979510000000000000000010000100000000000000535689973998200299478
02535410120000012013121154436527972856342001211122256936410000000000000000011210100000000000001536899532752112354003
00011210020000001000372056820019994954100000120110411436614210000000000000000230100000000000003565399247992200013011
00000110010000000000261137921014579941000000010000201211356210000000000000000020100000000000014431259434551422314210
00000000000000000000142416835387105831000000000001114430012310000012100000220123332000000000001332226676468741420000
00000000000000000000010102214478304820000000001003237221253210000014532001222346652000000000001013136755458952431000
00000000000000000000000002012327514841100000002018423144542210021124312124102443553000000000001114255534224742640000
00000000000000000000000002320202327940100001213459641153741345130001122243002233421000000000000003120273100110000000
00000000000000000000000000211222203400110002312049992145535655320002374342122211212000000000000001023596200000000000
00000000000000000000000001323123000000010000233125791355213253551003573013120002202000000000000000003333100000000000
00000000000000000000000003513333000000120100222243492766346314871002332022122005411420000000000000011001000000000000
00000000000000000000000000333541000000011320136743396559721003650014433221225113331320000000000000012222000000000000
00000000000000000000000000000110000000000010310412398312663022451037411100102000220010000000000000001003442100000000
00000000000000000000000000000000000000000144634732397010211020232214312411100000000000000000000000000001132000000000
00000000000000000000000000000000000000000012424668945220000020001223212300000000000000000000000000000000000000000000
00000000000000000000000000000000000000000011545753597310000060000011001310000000000000000000000000000000000000000000
00000000000000000000000000000000000000000033435421597522510050000011000100000000000000000000000000000000000000000000
00000000000000000000000000000000000000000013514334999994641000000000000000000000000000000000000000000000000000000000
00000000000000000000000000000000000000000014733159999999992000000000000000000000000000000000000000000000000000000000
00000000000000000000000000000000000000000004943599995647951000000000000000000000000000000000000000000000000000000000
00000000000000000000000000000000000000000011228999996964784100000000000000000000000000000000000000000000000000000000
00000000000000000000000000000000000000000010005799499996630000000000000000000000000000000000000000000000000000000000
00000000000000000000000000000000000212100330023256899996521000000000000000000000000000000000000000000000000000000000
00000000000000000000000000000000001311224732264663499997200000000000000000000000000000000000000000000000000000000000
00000000000000000000000000000000123112314523372477667995100000000000000000000000000000000000000000000000000000000000
00000000000000000000000000000001233124531015993399932366210000000000000000000000000000000000000000000000000000000000
00000000000000000000000000000000023363012222336597942244320000000000000000000000000000000000000000000000000000000000
00000000000000000000000000000000001110002344325246412132000000000000000000000000000000000000000000000000000000000000
00000000000000000000000000000000000000001123311017421431000000000000000000000000000000000000000000000000000000000000
00000000000000000000000000000000000000000000224312332410000000000000000000000000000000000000000000000000000000000000
00000000000000000000000000000000000000000000126610011100000000000000000000000000000000000000000000000000000000000000
00000000000000000000000000000000000000000000002400000000000000000000000000000000000000000000000000000000000000000000
00000000000000000000000000000000000000000000000300000000000000000000000000000000000000000000000000000000000000000000
00000000000000000000000000000000000000000000002300000000000000000000000000000000000000000000000000000000000000000000
00000000000000000000000000000000000000001320001000000000000000000000000000000000000000000000000000000000000000000000
00000000000000000000000000000000000000002463001000000000000000000000000000000000000000000000000000000000000000000000
00000000000000000000000000000000000000004574411112000000000000000000000000000000000000000000000000000000000000000000
00000000000000000000000000000000000000022120547767111000000000000000000000000000000000000000000000000000000000000000
00000000000000000000000000000000000000021000534614221000000000000000000000000000000000000000000000000000000000000000
00000000000000000000000000000000000000000001535944100000000000000000000000000000000000000000000000000000000000000000
00000000000000000000000000000000000000000002527710000000000000000000000000000000000000000000000000000000000000000000
00000000000000000000000000000000000000000000222000000000000000000000000000000000000000000000000000000000000000000000
00000000000000000000000000000000000000000000110000000000000000000000000000000000000000000000000000000000000000000000
00000000000000000000000000000000000000000000122000000000000000000000000000000000000000000000000000000000000000000000
00000000000000000000000000000000000000000021134100000000000000000000000000000000000000000000000000000000000000000000
00000000000000000000000000000000000000000042222100000000000000000000000000000000000000000000000000000000000000000000
00000000000000000000000000000000000000000197310000000000000000000000000000000000000000000000000000000000000000000000
00000000000000000000000000000000000000000264100000000000000000000000000000000000000000000000000000000000000000000000
00000000000000000000000000000000000000000223320000000000000000000000000000000000000000000000000000000000000000000000
00000000000000000000000000000000000000001467210000000000000000000000000000000000000000000000000000000000000000000000
00000000000000000000000000000000000000000102441000000000000000000000000000000000000000000000000000000000000000000000
00000000000000000000000000000000000000000000010000000000000000000000000000000000000000000000000000000000000000000000

